0 0 p4 29 2 34 3 22 2 24 4 34 2 24 2 30 5 22
1 1 p4 24 5 35 5 25 4 32 4 26 2 33 2 22
1 2 p4 32 5 31 5 28 4 27 4 27 4 23
2 3 p3 26 4 21 5 30 3 24 2 25 2 27
2 4 p4 23 5 23 4 25 3 22 3 22 5 21 2 24 3 20
3 5 p2 34 3 21 2 28 4 33 4 27 2 20 4 28 3 32
4 6 p3 33 5 27 2 28 2 27 4 34 5 24 5 32 2 33
4 7 p5 23 4 26 3 21 2 32 4 27 3 23 2 29 5 32
4 8 p4 23 4 23 3 24 4 33 2 21 3 25 3 34
5 9 p4 27 4 21 3 23 2 24 2 28 3 25 4 29 2 21
5 10 p1 22 5 32 5 28 2 21 3 25 4 32 5 27
5 11 p1 33 2 33 3 32 4 31 3 22 4 34
6 12 p1 33 4 28 5 35 2 30 3 34 5 21
7 13 p3 33 4 29 2 34 3 29 4 31 5 20
8 14 p5 20 5 21 3 31 4 30 4 27 5 35 3 31
9 15 p4 22 2 20 2 22 2 23 4 20 2 33
9 16 p2 20 4 26 2 27 3 22 2 20 2 20 5 27
9 17 p5 34 5 35 5 25 2 23 3 24 4 32
10 18 p5 32 2 26 2 24 4 29 2 28 3 33
10 19 p2 21 3 25 2 28 2 25 2 25 2 34
10 20 p2 25 3 33 2 33 5 33 4 28 3 32 5 23 3 22
11 21 p5 30 5 34 5 20 4 33 2 24 4 34 5 22
12 22 p3 24 5 32 3 34 2 28 2 30 5 31 2 32 2 26
12 23 p2 32 4 29 2 31 3 34 5 26 3 34
12 24 p1 31 3 31 3 35 3 26 5 30 2 26
13 25 p5 22 4 31 3 30 4 29 2 30 2 28
13 26 p2 26 3 29 2 29 3 24 3 33 5 21
14 27 p1 22 2 21 4 34 2 23 3 31 3 27 5 32
15 28 p4 34 2 28 3 32 4 25 5 21 2 33
15 29 p3 26 3 32 4 26 4 35 4 30 3 33 4 23 5 29
15 30 p1 32 3 20 5 27 5 22 3 33 4 24 2 34 5 34
16 31 p3 26 3 27 2 22 2 22 4 20 5 28
16 32 p1 21 5 27 4 31 2 23 2 32 3 30
16 33 p5 28 4 30 3 24 2 20 2 32 4 27
17 34 p2 33 2 27 5 29 2 31 5 35 5 31 2 35 3 27
17 35 p2 30 4 24 5 29 5 32 3 21 3 24 4 34 2 33
17 36 p1 30 3 35 4 35 2 26 2 22 4 28 3 21
18 37 p3 28 5 30 5 22 2 29 4 30 3 28 2 35 5 23
19 38 p2 29 5 23 5 25 3 35 3 30 4 25 5 25
19 39 p3 21 2 30 2 34 5 34 4 27 3 24 4 34
19 40 p3 32 3 31 5 32 4 35 2 26 2 30 3 22 5 20
20 41 p2 33 3 21 2 24 5 20 3 34 2 29
20 42 p5 21 3 24 2 23 5 34 4 23 5 35
21 43 p1 29 5 27 4 20 4 23 3 27 3 20 3 30 3 25
21 44 p5 27 3 27 4 26 4 25 5 28 4 35 4 25 4 27
21 45 p3 31 3 25 4 22 3 24 2 23 3 26
22 46 p3 30 3 35 3 26 5 20 5 30 5 32
23 47 p5 20 5 29 3 32 4 27 5 20 2 20 4 26 5 26
23 48 p3 24 5 32 4 25 3 23 2 20 5 22
24 49 p4 27 2 29 2 35 2 32 2 29 2 24
24 50 p1 32 5 26 3 26 4 33 2 31 3 25 4 28
25 51 p5 30 5 32 4 26 2 22 5 32 5 20 3 25 5 29
25 52 p2 24 4 30 5 33 3 24 3 31 2 27 4 25
25 53 p2 33 4 33 2 25 4 32 3 28 3 26
26 54 p4 29 2 35 2 34 2 33 2 33 3 31 5 25
26 55 p4 32 2 29 2 34 5 21 2 21 4 29 2 22 3 35
27 56 p3 28 2 24 4 27 3 23 2 22 2 32
27 57 p1 30 2 29 3 29 5 24 3 25 5 25 3 32
28 58 p4 20 5 30 4 28 5 31 2 34 3 34 4 24 2 22
28 59 p1 33 2 24 3 20 4 23 2 30 3 21 5 35
29 60 p2 26 3 30 3 20 3 35 2 27 3 30 5 29
30 61 p1 26 4 21 3 31 3 24 3 33 4 34
30 62 p4 26 2 21 2 30 3 35 4 20 5 26 2 28 2 20
30 63 p1 31 4 27 4 23 5 25 3 20 2 22 3 35
31 64 p5 20 2 20 3 26 2 21 4 20 4 33
31 65 p4 35 5 33 3 27 3 31 5 30 2 33 2 24 5 33
31 66 p5 22 4 27 4 28 2 26 5 23 2 30 5 34
32 67 p2 25 4 26 4 31 5 35 2 31 4 23 3 28 5 23
33 68 p2 21 3 32 5 33 3 27 5 27 3 22 4 32 4 30
33 69 p5 26 4 23 2 27 4 25 2 35 4 30
33 70 p1 31 2 33 4 21 3 33 3 22 4 21
34 71 p1 34 3 32 3 33 2 35 5 31 2 29
34 72 p5 33 5 31 5 34 2 34 5 33 4 31 4 20 5 22
35 73 p5 23 2 32 3 23 5 23 4 33 5 25 3 20
35 74 p1 34 5 29 2 35 2 29 3 35 3 23
35 75 p4 20 4 33 5 23 3 22 2 29 5 23
36 76 p3 24 4 25 5 25 5 27 5 26 5 31 2 22 4 24
36 77 p2 23 4 22 3 20 4 20 5 26 5 28
36 78 p4 20 5 28 4 27 3 21 5 21 2 25 5 31
37 79 p5 28 5 20 2 23 2 35 2 34 5 22 4 22 3 25
37 80 p2 33 3 20 4 23 2 22 4 32 3 34 2 26 3 26
38 81 p5 28 4 23 2 35 3 35 2 20 5 21 3 24
38 82 p2 32 2 23 4 27 2 21 3 23 2 28 4 21 5 35
39 83 p3 34 4 24 5 29 5 24 5 33 3 30 2 31 2 31
40 84 p3 26 4 31 4 30 5 34 5 22 3 26
40 85 p2 21 2 30 2 26 2 28 2 33 2 33 5 28 5 34
41 86 p3 26 2 26 2 23 4 25 5 31 2 32
42 87 p4 33 5 28 4 32 3 32 4 34 5 33
42 88 p5 34 3 31 4 32 3 34 3 20 4 31 2 24
42 89 p5 34 4 22 3 28 2 22 2 27 2 29 4 31
43 90 p4 30 5 25 3 32 4 31 4 22 3 29
43 91 p3 20 4 30 4 34 2 23 2 30 4 33 5 32
44 92 p4 24 5 32 3 34 2 27 5 23 5 27 2 26
44 93 p2 27 5 22 3 29 3 29 4 24 4 29 2 31 5 21
44 94 p3 32 3 35 3 33 4 21 4 28 4 24
45 95 p4 32 4 29 3 21 5 21 5 26 3 28 2 29 5 21
45 96 p1 32 4 25 5 27 4 25 5 32 2 33
45 97 p3 34 3 22 4 35 4 32 3 28 2 31 4 33 4 28
46 98 p1 35 3 22 2 24 2 34 3 34 4 32 3 23
46 99 p1 26 3 23 4 33 4 33 3 35 2 33 4 28
