0 0 p3 16 15 15 15 12 15 8 15 10 15 9 15 14 15 12 15 13 15 10 15 8
1 1 p2 12 15 16 15 12 15 16 15 16 15 11 15 9 15 10
1 2 p1 9 15 16 15 15 15 8 15 14 15 8 15 11 15 10
1 3 p1 14 15 16 15 11 15 15 15 10 15 8 15 14 15 11 15 13 15 15 15 8
2 4 p4 11 15 8 15 15 15 10 15 8 15 10 15 15 15 13 15 13
2 5 p1 16 15 11 15 15 15 12 15 9 15 12 15 16
2 6 p2 13 15 8 15 9 15 14 15 8 15 12 15 9 15 14 15 8
3 7 p3 13 15 10 15 9 15 15 15 14 15 15 15 9 15 12 15 11
3 8 p2 11 15 8 15 8 15 11 15 12 15 11 15 11 15 8 15 12 15 9 15 14
3 9 p4 13 15 11 15 16 15 14 15 10 15 10 15 11
4 10 p4 13 15 14 15 8 15 15 15 11 15 8 15 8 15 12 15 8 15 15
4 11 p4 13 15 12 15 12 15 10 15 14 15 13 15 16 15 14 15 10 15 16 15 11
5 12 p3 8 15 14 15 14 15 8 15 9 15 16 15 15 15 14 15 15 15 11
5 13 p4 12 15 16 15 15 15 9 15 16 15 13 15 10 15 10 15 10 15 10
5 14 p4 15 15 14 15 13 15 9 15 15 15 16 15 9 15 11 15 10
6 15 p5 12 15 10 15 9 15 8 15 12 15 13 15 14 15 15 15 16 15 15 15 9
6 16 p5 9 15 11 15 12 15 12 15 13 15 12 15 14 15 15 15 15
6 17 p3 11 15 12 15 12 15 8 15 8 15 16 15 13 15 10
7 18 p2 11 15 9 15 12 15 12 15 15 15 16 15 13 15 14 15 10
7 19 p1 13 15 15 15 15 15 13 15 15 15 8 15 14 15 11 15 9 15 14
8 20 p2 12 15 11 15 10 15 10 15 8 15 10 15 16
8 21 p1 9 15 13 15 11 15 9 15 8 15 11 15 11 15 12 15 15 15 13
9 22 p3 13 15 13 15 8 15 9 15 10 15 8 15 16 15 8 15 14
10 23 p4 11 15 16 15 8 15 15 15 16 15 10 15 11 15 8 15 14 15 14 15 14
10 24 p4 8 15 13 15 10 15 16 15 14 15 10 15 15 15 11 15 16 15 8 15 15
11 25 p5 10 15 14 15 14 15 12 15 8 15 15 15 13 15 8
12 26 p4 8 15 13 15 11 15 16 15 15 15 9 15 8 15 11
13 27 p1 9 15 10 15 10 15 10 15 10 15 12 15 11 15 15 15 8
13 28 p2 13 15 14 15 8 15 9 15 15 15 16 15 15
14 29 p1 16 15 10 15 9 15 16 15 14 15 8 15 12 15 12 15 10 15 8
14 30 p3 16 15 8 15 14 15 10 15 16 15 13 15 12
14 31 p2 10 15 10 15 8 15 12 15 13 15 11 15 14 15 12
15 32 p1 16 15 8 15 10 15 8 15 11 15 13 15 16 15 15
15 33 p5 9 15 9 15 10 15 9 15 13 15 14 15 10 15 13 15 10 15 13
15 34 p3 12 15 8 15 8 15 11 15 14 15 13 15 8
16 35 p5 13 15 10 15 9 15 16 15 8 15 13 15 14 15 13 15 13 15 11
17 36 p5 13 15 12 15 13 15 8 15 12 15 9 15 14
17 37 p3 16 15 12 15 12 15 14 15 16 15 16 15 15
17 38 p3 14 15 14 15 8 15 8 15 9 15 9 15 9 15 10
18 39 p1 12 15 9 15 11 15 15 15 13 15 13 15 11
19 40 p1 15 15 16 15 14 15 12 15 13 15 9 15 8 15 10 15 8 15 14 15 12
19 41 p5 10 15 15 15 16 15 8 15 16 15 12 15 8
20 42 p3 10 15 16 15 15 15 9 15 14 15 11 15 15
21 43 p5 12 15 15 15 10 15 16 15 15 15 12 15 11 15 16
21 44 p4 15 15 16 15 13 15 13 15 9 15 11 15 8 15 12 15 12 15 16 15 15
22 45 p3 16 15 14 15 14 15 12 15 15 15 15 15 13 15 12
22 46 p2 16 15 16 15 8 15 14 15 14 15 13 15 16 15 10 15 9 15 13 15 12
22 47 p2 16 15 16 15 15 15 10 15 12 15 15 15 8 15 14 15 14 15 15
23 48 p2 8 15 15 15 13 15 16 15 13 15 10 15 13 15 15
23 49 p5 13 15 9 15 14 15 14 15 8 15 8 15 10 15 11
23 50 p4 16 15 8 15 10 15 9 15 16 15 16 15 11
24 51 p1 16 15 13 15 8 15 14 15 15 15 10 15 14 15 13 15 9 15 14
24 52 p2 13 15 15 15 11 15 9 15 9 15 16 15 15 15 13 15 12 15 15 15 12
25 53 p2 8 15 12 15 16 15 8 15 15 15 11 15 9 15 15 15 10 15 10
25 54 p4 10 15 14 15 16 15 8 15 13 15 9 15 8 15 16 15 16
25 55 p1 14 15 12 15 12 15 10 15 11 15 12 15 15
26 56 p4 14 15 11 15 13 15 16 15 12 15 11 15 10 15 8
26 57 p5 14 15 11 15 16 15 12 15 8 15 11 15 10
26 58 p4 16 15 10 15 10 15 13 15 12 15 12 15 8 15 8
27 59 p1 10 15 11 15 15 15 16 15 10 15 15 15 13 15 14 15 15 15 16
27 60 p5 16 15 12 15 10 15 8 15 16 15 10 15 8 15 9 15 8 15 10
27 61 p3 12 15 13 15 13 15 10 15 15 15 11 15 10 15 16 15 12 15 12 15 12
28 62 p5 14 15 15 15 11 15 12 15 10 15 11 15 12 15 9 15 16
28 63 p3 9 15 13 15 15 15 11 15 9 15 9 15 13 15 14
29 64 p4 11 15 12 15 14 15 13 15 16 15 14 15 11
29 65 p1 13 15 13 15 16 15 15 15 10 15 8 15 8 15 10 15 16 15 10 15 10
30 66 p5 11 15 14 15 9 15 14 15 16 15 13 15 11 15 13 15 16 15 12
31 67 p1 10 15 8 15 16 15 14 15 16 15 9 15 8 15 8 15 9 15 9
31 68 p4 15 15 11 15 14 15 9 15 9 15 16 15 8 15 14 15 11
31 69 p3 9 15 9 15 11 15 14 15 8 15 11 15 15 15 14 15 12 15 8
32 70 p3 9 15 14 15 14 15 16 15 16 15 13 15 14 15 8 15 14
33 71 p3 10 15 9 15 15 15 8 15 15 15 10 15 8 15 16 15 12 15 8 15 16
33 72 p3 14 15 10 15 15 15 12 15 16 15 12 15 9 15 16 15 16 15 16
33 73 p1 11 15 10 15 14 15 15 15 12 15 10 15 12 15 8 15 12
34 74 p5 8 15 13 15 11 15 12 15 9 15 10 15 12 15 8 15 14 15 8 15 15
34 75 p1 14 15 8 15 8 15 15 15 11 15 12 15 9
35 76 p2 8 15 16 15 16 15 11 15 9 15 10 15 12 15 16
35 77 p1 10 15 15 15 13 15 12 15 11 15 15 15 12 15 11 15 8
35 78 p5 10 15 14 15 11 15 8 15 12 15 9 15 16
36 79 p2 13 15 9 15 14 15 14 15 8 15 14 15 12 15 11 15 14
36 80 p5 15 15 9 15 8 15 15 15 11 15 15 15 8 15 9
37 81 p5 11 15 11 15 14 15 12 15 9 15 11 15 10 15 8 15 9 15 12 15 8
37 82 p3 8 15 10 15 11 15 16 15 13 15 10 15 9
37 83 p1 12 15 12 15 16 15 12 15 9 15 16 15 12 15 11 15 9 15 15
38 84 p4 12 15 16 15 14 15 10 15 8 15 12 15 11 15 16
38 85 p5 13 15 11 15 9 15 13 15 15 15 15 15 16 15 9 15 12 15 8
38 86 p2 13 15 10 15 13 15 14 15 10 15 16 15 14 15 11 15 12 15 12 15 15
39 87 p3 9 15 9 15 13 15 12 15 16 15 9 15 15 15 15 15 11
40 88 p4 13 15 16 15 15 15 12 15 10 15 13 15 13 15 9
40 89 p1 11 15 15 15 13 15 10 15 15 15 14 15 16 15 12 15 12 15 16 15 16
40 90 p4 15 15 13 15 10 15 8 15 15 15 14 15 8 15 9 15 10 15 11
41 91 p4 13 15 8 15 13 15 9 15 11 15 9 15 11
41 92 p2 11 15 16 15 9 15 10 15 14 15 15 15 12 15 12 15 11
41 93 p5 14 15 15 15 11 15 14 15 13 15 10 15 10
42 94 p2 12 15 15 15 14 15 13 15 8 15 13 15 12 15 13 15 8
42 95 p2 14 15 9 15 13 15 12 15 9 15 15 15 13 15 13 15 14 15 15
43 96 p2 9 15 14 15 14 15 11 15 8 15 15 15 8 15 9 15 11 15 14 15 8
43 97 p2 11 15 16 15 11 15 9 15 16 15 16 15 15 15 13
43 98 p3 10 15 10 15 15 15 11 15 8 15 9 15 10 15 15 15 12 15 12 15 9
44 99 p5 12 15 15 15 9 15 10 15 10 15 15 15 8 15 12 15 10
