0 0 p1 20 25 20 22 14 24 16 23 14 28 19 30 17 24 16 32 17 27 19 25 15 27 19 27 18
0 1 p4 15 26 14 30 17 23 15 23 14 24 13 24 18 22 16 22 14 25 19 32 17 31 16 32 19 23 17
1 2 p4 15 26 17 32 15 25 16 29 17 22 14 27 19 22 18
2 3 p4 16 32 17 27 18 32 16 22 17 22 20 30 16 28 15
2 4 p4 14 23 13 26 20 27 16 27 17 31 14 27 16
3 5 p3 16 30 13 26 13 24 18 29 17 24 20 28 17 30 13 24 17 27 17
4 6 p4 15 29 13 22 16 27 15 32 17 30 20 27 19 32 20 29 16 31 13 25 17
5 7 p1 17 25 19 31 18 26 16 25 14 30 17 29 19
6 8 p4 13 28 14 25 15 25 19 23 13 23 17 23 18
6 9 p5 15 27 18 28 19 32 14 29 14 26 13 29 16 29 14 24 14 30 13
6 10 p5 14 26 14 32 16 25 17 22 16 22 18 30 15 26 20 24 13 30 20
7 11 p3 19 23 19 22 15 26 16 24 20 23 20 23 15 25 16 24 15 27 16 28 18 25 18
8 12 p5 19 26 16 27 19 30 18 22 17 29 20 24 15
8 13 p2 20 24 13 27 19 28 13 24 20 30 17 25 17 28 15
9 14 p1 14 30 17 28 15 24 15 29 15 31 14 28 16 29 19
10 15 p1 17 31 18 22 16 25 18 27 19 28 16 26 14 28 15 22 20 31 16 30 16 25 19 27 13
11 16 p5 20 30 13 22 16 22 14 23 17 27 13 29 16 26 16 25 15
11 17 p1 20 25 17 29 13 31 13 32 14 29 14 32 14 30 20 31 13 28 16 31 17
11 18 p1 13 32 16 22 20 24 13 22 20 31 15 30 18 23 14 31 20 25 15 30 20
12 19 p5 13 28 18 30 15 25 14 24 14 29 20 23 20
12 20 p3 17 23 17 23 15 31 14 26 13 27 18 25 15
13 21 p2 15 29 15 25 20 32 20 27 13 29 17 25 14 22 19 32 15 23 16 26 15 32 18 30 14 30 17
14 22 p1 16 28 14 29 14 27 18 25 16 26 20 26 17 22 17 22 13
14 23 p5 14 23 19 32 17 22 15 26 19 25 13 24 16 26 13 30 13 22 14 30 15 27 16 25 13
14 24 p3 18 24 13 24 15 24 16 32 18 26 18 31 14 25 19 31 13 27 16 31 18
15 25 p2 20 32 18 23 20 28 14 29 18 27 15 32 14 23 13 25 13 31 17
15 26 p1 16 29 20 31 20 22 15 29 20 26 19 27 19 27 13 30 20 31 16 30 16
16 27 p5 13 32 20 24 19 24 19 27 14 31 16 32 15 22 14 32 14 32 17 27 17 29 17
16 28 p3 15 22 20 28 15 23 15 29 19 31 16 27 20
16 29 p2 16 26 20 26 19 22 14 27 15 23 13 28 17 31 19 28 15 26 18 23 18
17 30 p3 15 30 15 28 17 30 17 23 17 27 18 31 19 24 20
17 31 p5 17 32 17 26 18 31 18 28 16 31 18 29 17 25 20 26 16
18 32 p5 13 27 16 26 19 24 16 31 16 22 18 22 20 27 18 26 18 26 13 24 17 24 18 29 20 28 13
18 33 p4 16 31 19 30 19 24 17 22 20 30 13 24 14 25 18 30 15 23 16 23 20 22 14 27 20
19 34 p4 15 25 20 22 14 29 18 24 15 26 19 28 13 29 18 28 17 28 17 29 15 30 13
19 35 p3 13 26 16 26 19 24 19 22 17 27 19 26 19 22 17 32 15 30 16
19 36 p1 17 32 15 30 15 29 20 29 15 29 18 23 18 24 13 29 17
20 37 p5 17 31 19 31 15 23 14 31 16 22 16 31 14 29 18 22 17 26 13 31 16 22 15
20 38 p3 17 30 13 30 15 23 17 26 13 28 17 22 19 29 15 22 19 25 17 23 14
20 39 p2 18 25 13 30 20 23 17 30 13 22 20 23 13 32 20
21 40 p4 19 25 15 23 15 25 14 28 18 23 13 27 20 30 18 26 18
22 41 p4 14 30 18 32 20 23 14 23 17 25 17 31 13 29 16 32 15 26 16 24 14
23 42 p1 18 30 15 24 14 22 14 32 13 31 17 25 14 25 18 26 14 29 15
23 43 p3 15 25 18 27 18 26 13 26 16 30 16 24 19
24 44 p4 14 22 20 32 14 25 18 28 19 32 19 29 15 22 13 25 17 31 15 25 14 22 17 24 18 32 14
24 45 p5 18 29 15 25 16 25 19 30 20 27 16 29 14
24 46 p4 15 32 17 32 13 32 16 27 13 25 14 29 20 27 14 25 18 24 17 28 15
25 47 p3 20 32 20 22 17 32 14 25 16 28 13 23 20 32 14 27 15 30 18 22 14 23 20 23 19 23 18
25 48 p5 13 25 18 32 13 27 13 25 18 25 18 23 18 29 15
25 49 p2 19 30 13 28 16 32 20 26 16 24 17 24 19 24 14 28 18 28 13
26 50 p4 16 28 13 23 19 30 16 32 20 29 16 23 13 25 17 25 18 26 20 32 17 28 13
27 51 p3 20 29 17 32 15 22 17 22 16 23 19 27 14 32 16 30 14 32 14
27 52 p4 13 28 14 27 14 27 15 24 15 31 15 24 20 32 15 22 20 29 17 32 13
28 53 p1 19 32 18 28 16 28 20 22 19 26 13 32 17 25 13 28 13 29 15 22 14 22 16
28 54 p1 19 23 13 28 19 27 18 24 17 32 18 31 16 22 15
29 55 p4 14 26 18 23 16 25 13 28 15 30 13 30 15 32 19
29 56 p5 18 31 16 23 20 23 15 27 14 31 14 22 16 32 14
30 57 p5 15 31 15 23 14 30 20 32 16 28 19 30 20
30 58 p1 15 22 18 23 15 22 16 27 20 29 16 31 13 23 17 25 17
30 59 p1 18 28 19 31 18 24 17 27 18 28 14 23 15 24 20 24 20
31 60 p5 16 23 17 28 17 22 17 25 14 22 18 30 18 23 20 22 13 27 15 26 14 27 17 27 17
31 61 p2 16 31 17 30 18 23 19 23 16 23 16 29 19 32 19 22 14 26 20
31 62 p2 20 22 19 31 20 22 18 23 18 25 18 24 19 23 18 29 17 24 14 24 18 31 13 31 17 23 17
32 63 p3 19 31 20 30 17 26 14 32 20 29 13 32 16 24 19
32 64 p2 15 28 18 27 13 24 13 30 15 23 20 24 19 29 16 29 20 28 13
33 65 p1 20 24 13 29 17 26 13 24 14 30 15 31 17 32 20
33 66 p4 18 26 19 22 20 23 15 31 16 22 18 25 15 28 17 26 17 23 18 23 17 25 16
33 67 p3 16 27 16 23 16 29 19 25 16 30 16 31 16 25 16 25 13 28 15 23 17 28 16 29 17 28 16
34 68 p1 17 29 18 28 13 29 20 31 20 29 15 31 14 25 15 27 18 30 19
34 69 p2 19 30 14 24 18 26 18 27 14 26 19 22 19 27 19
34 70 p4 18 29 13 23 18 23 19 26 15 24 13 22 14
35 71 p2 20 28 19 31 17 23 17 29 18 28 15 22 15 26 20 27 15 25 13 31 13 32 20
35 72 p2 19 27 13 22 16 28 18 26 18 26 18 23 18 26 20 31 13 27 14 27 18 28 13 29 19 32 17
35 73 p2 20 25 16 32 15 32 14 27 15 31 19 25 19 22 19
36 74 p2 19 24 14 28 18 30 15 31 20 27 20 23 15 28 17 32 17 31 17 25 16
36 75 p2 16 24 14 25 16 23 14 30 14 24 15 23 16 25 19 23 13 25 19 26 19
36 76 p2 14 26 13 27 14 31 19 23 20 22 15 22 13 31 19 29 20 22 15
37 77 p2 15 28 19 28 16 25 14 26 13 26 13 29 17 25 17
38 78 p4 20 24 13 23 18 31 16 28 20 26 13 30 18 22 18 23 20 22 13 26 15 22 18 22 17 25 18
38 79 p5 16 27 18 24 13 26 15 32 17 25 18 28 20 25 14
38 80 p5 16 29 16 29 19 32 19 28 13 28 13 23 13
39 81 p4 17 27 17 29 16 29 13 24 16 30 14 28 15 26 18
39 82 p3 20 23 14 32 16 25 19 27 18 27 13 22 18 32 18 31 13 32 16 22 17 31 20
39 83 p4 13 24 20 28 20 23 16 31 13 26 17 28 16 29 15
40 84 p2 17 32 20 22 20 28 19 25 19 28 14 27 13 32 16 23 18
40 85 p3 17 26 17 30 15 29 14 26 20 32 14 24 14 29 17 24 13 28 18
40 86 p3 17 32 15 32 14 27 18 24 20 30 14 32 20 29 18 24 20 26 14 31 14
41 87 p5 13 25 14 24 20 22 15 23 16 26 15 24 20 27 20 22 14 32 20 28 16 32 17 27 18 31 19
42 88 p2 19 22 15 32 15 28 18 26 14 26 19 28 14 23 18 23 17 22 13 25 19 29 13 29 18 25 14
43 89 p3 19 31 16 29 16 24 20 32 16 31 18 30 18 32 15 30 16 24 20
44 90 p3 19 24 19 26 13 24 19 31 19 31 19 31 13 29 20 25 17 27 19 28 20
44 91 p1 18 27 16 25 19 29 13 32 13 30 14 32 20 24 13 22 16 30 14 30 16 23 17 31 18
44 92 p1 17 26 20 24 14 29 20 23 20 29 20 32 20
45 93 p1 13 32 18 27 20 28 15 27 14 24 17 29 13 31 18 29 17 29 17 27 20
45 94 p5 16 23 13 28 15 31 13 28 13 24 16 26 20 31 15 26 14 30 20 25 20 26 16 24 17
45 95 p1 13 27 20 25 14 27 17 22 16 30 15 22 19 32 19 32 20 26 14 27 16 29 15 22 15 27 15
46 96 p3 14 29 18 27 15 32 20 24 13 29 19 24 15 27 13 23 16 28 13
46 97 p2 13 32 14 29 19 31 13 23 13 25 13 22 17 30 15
47 98 p3 15 26 14 26 19 31 14 23 18 31 17 27 13
48 99 p5 17 30 15 27 20 24 18 30 20 28 16 23 16 27 16 24 15 28 16 24 16 29 17
