0 0 p5 25 4 32 4 32 5 22 7 23 6 22
1 1 p1 33 3 19 7 28 8 30 7 31 7 32 8 29 4 20
1 2 p4 24 3 29 4 23 5 21 7 33 4 23 5 32 3 25 7 30 8 23 5 27 8 28
2 3 p1 23 6 23 8 32 5 28 6 24 7 19 6 28 6 32 8 21
3 4 p5 32 5 28 6 25 8 27 5 22 8 20 5 28 6 19 4 26 7 23 4 32 6 22
4 5 p5 28 5 31 5 20 4 29 3 23 6 25 8 26 6 27 6 22
4 6 p1 29 6 25 8 31 4 31 7 28 6 26 6 29 3 27 5 33
4 7 p3 33 3 33 3 23 4 20 8 28 3 23 4 32 7 29 5 22 5 25 6 32 5 22
5 8 p3 21 3 23 8 25 5 25 5 27 5 21 8 19
5 9 p2 32 6 23 5 29 6 19 8 24 6 27 8 25
5 10 p1 26 4 21 3 32 8 24 6 21 7 23 5 24 5 20 6 22 6 25
6 11 p4 21 6 32 3 33 8 31 3 32 7 26 5 25 3 32 8 19 7 33 8 27 6 24
7 12 p4 19 7 21 3 21 8 33 3 31 5 27 4 21 6 20 3 24 7 23
7 13 p1 19 5 21 5 33 3 28 4 25 7 23 3 31 7 25 6 25 7 27 8 31 7 20
7 14 p3 29 5 28 3 26 6 27 3 19 5 32 7 26 4 31 3 31 8 28 7 23
8 15 p2 24 7 32 8 22 6 22 7 24 5 22 5 20 3 21 5 32
8 16 p2 31 8 26 6 21 8 23 4 33 4 21 4 28 3 32 6 19 7 22
9 17 p3 33 4 23 4 31 6 32 3 33 7 25 3 26 8 21 8 30
10 18 p2 19 4 29 7 26 3 29 5 27 6 23
11 19 p2 20 3 21 7 29 7 27 4 21 7 26 4 21 5 21 7 27 8 21
12 20 p5 32 6 23 4 33 3 25 7 25 4 20
12 21 p4 25 5 31 5 25 5 23 8 26 4 33
13 22 p3 23 5 30 6 20 8 24 8 27 7 25 7 30 8 28 4 31
13 23 p1 31 5 22 3 27 7 20 5 24 6 27 4 28 6 26 8 19 8 31
13 24 p5 25 3 22 3 30 4 31 8 33 3 31 8 22 3 25 3 27 4 31
14 25 p3 21 5 32 3 22 4 20 7 22 7 23
14 26 p2 21 7 29 8 29 7 22 8 30 5 19 3 19
15 27 p1 23 6 30 5 22 3 31 6 23 3 24 4 24 4 24
15 28 p1 19 5 32 3 29 3 26 6 31 5 23 3 20 5 19 8 32
16 29 p5 20 4 29 8 20 5 19 7 19 7 22 3 30 3 25 5 28 5 21
16 30 p5 19 6 29 4 21 4 23 6 20 6 24 8 21
16 31 p2 22 4 25 5 33 7 20 6 20 5 28 7 24 5 29 3 25 4 22
17 32 p1 22 7 22 3 23 6 20 5 27 6 20 3 26
17 33 p4 29 3 21 3 26 3 33 7 21 6 24
17 34 p1 25 3 21 3 19 7 33 3 24 6 23 8 25 6 32
18 35 p5 32 3 22 4 25 8 32 6 31 8 22 5 29 8 24 6 23 8 22
18 36 p4 19 5 32 6 19 3 30 4 31 5 31 8 31 3 28 3 21
19 37 p2 29 5 27 5 20 8 25 4 29 5 24 3 23 8 32 8 26 6 20
20 38 p4 21 7 33 5 27 4 22 3 21 5 33 4 31
21 39 p5 27 5 26 3 29 6 33 5 26 8 19
21 40 p5 25 3 33 4 20 5 31 8 26 3 26 3 28 3 25 5 26 4 24
22 41 p5 19 4 33 3 29 6 24 8 31 8 31 7 20 6 25 8 25 4 28 5 31
23 42 p5 24 8 20 6 23 6 22 4 21 8 27 3 24 8 30 6 27 7 28
23 43 p3 23 3 23 8 25 6 21 5 24 5 23 7 20
23 44 p4 30 4 27 3 19 5 19 6 33 7 33 5 21 4 22 8 20 5 20
24 45 p1 21 8 27 3 33 8 31 4 19 3 31 8 32 3 33 4 24 8 31
24 46 p1 30 4 19 4 23 5 31 4 24 3 19 7 29 8 20 4 27 3 20 4 21
24 47 p3 32 4 20 5 30 5 23 8 33 4 22 8 28 7 28 3 21 7 31
25 48 p1 24 6 30 8 23 4 31 7 26 3 33 6 29 3 27 8 27 4 26 4 30 3 24
25 49 p4 25 6 32 6 33 3 23 8 31 5 31
