0 0 p2 6 14 6 14 5 14 7 14 5 14 7 14 5 14 6 14 6 14 7 14 7
0 1 p1 8 14 5 14 6 14 5 14 5 14 9 14 8
0 2 p4 6 14 9 14 9 14 8 14 8 14 5 14 5 14 7 14 8 14 5 14 7 14 8
1 3 p1 9 14 7 14 7 14 8 14 8 14 6 14 8 14 5 14 9 14 7 14 8 14 5
2 4 p2 6 14 6 14 6 14 5 14 7 14 6 14 9 14 7
2 5 p1 8 14 5 14 6 14 7 14 8 14 9 14 5
3 6 p3 7 14 7 14 9 14 5 14 8 14 7 14 8 14 5 14 6
3 7 p2 6 14 8 14 9 14 8 14 8 14 8 14 8 14 6
3 8 p3 6 14 6 14 8 14 8 14 8 14 9 14 8 14 9 14 9
4 9 p4 9 14 5 14 5 14 7 14 7 14 9 14 9 14 8 14 9
4 10 p4 9 14 5 14 6 14 7 14 5 14 5 14 5 14 5 14 9 14 5 14 9 14 5
5 11 p1 6 14 6 14 7 14 9 14 8 14 5 14 9 14 6 14 9
5 12 p4 5 14 6 14 6 14 5 14 6 14 9 14 7 14 9 14 8 14 9
5 13 p3 7 14 8 14 7 14 8 14 9 14 9 14 5
6 14 p3 6 14 8 14 5 14 8 14 5 14 5 14 7 14 5 14 9 14 8 14 8 14 9
6 15 p1 5 14 8 14 5 14 8 14 6 14 7 14 5 14 8 14 5
7 16 p1 5 14 8 14 6 14 6 14 9 14 9 14 8 14 8
7 17 p2 8 14 7 14 9 14 7 14 7 14 7 14 6 14 6 14 5 14 6 14 5
8 18 p4 7 14 5 14 7 14 9 14 9 14 7 14 7 14 6 14 8
9 19 p4 6 14 9 14 8 14 9 14 6 14 9 14 7 14 5 14 5 14 5 14 7 14 7
10 20 p4 7 14 8 14 6 14 9 14 8 14 9 14 9 14 8 14 7 14 8 14 6 14 8
11 21 p4 7 14 6 14 6 14 6 14 9 14 6 14 8 14 8 14 6 14 7
11 22 p4 7 14 7 14 7 14 7 14 7 14 5 14 6 14 5 14 6 14 9 14 8
11 23 p5 8 14 7 14 7 14 6 14 8 14 6 14 8 14 5 14 9 14 8 14 6 14 6
12 24 p2 8 14 7 14 6 14 5 14 7 14 9 14 7 14 7 14 5 14 7 14 9
12 25 p3 6 14 5 14 6 14 9 14 9 14 7 14 5 14 8 14 8 14 9 14 8 14 6
13 26 p4 6 14 8 14 6 14 8 14 9 14 6 14 7 14 6
13 27 p4 7 14 7 14 7 14 8 14 9 14 5 14 8 14 5
14 28 p5 9 14 9 14 6 14 8 14 7 14 7 14 8
14 29 p1 7 14 9 14 8 14 5 14 8 14 8 14 7
15 30 p5 7 14 8 14 5 14 9 14 9 14 7 14 7 14 6 14 7
15 31 p5 8 14 7 14 6 14 8 14 8 14 7 14 7 14 5 14 7 14 9
16 32 p2 6 14 6 14 8 14 7 14 7 14 9 14 7 14 5 14 5 14 7
16 33 p3 5 14 9 14 6 14 6 14 8 14 6 14 6 14 6 14 5 14 9 14 5
17 34 p5 5 14 6 14 9 14 5 14 9 14 8 14 7 14 5 14 8 14 6
17 35 p3 9 14 5 14 7 14 5 14 6 14 8 14 5 14 8 14 6
18 36 p4 6 14 7 14 7 14 9 14 9 14 9 14 7 14 8
18 37 p2 8 14 6 14 8 14 8 14 6 14 7 14 6
19 38 p1 8 14 7 14 6 14 6 14 5 14 9 14 5 14 8 14 7
19 39 p1 8 14 6 14 9 14 5 14 8 14 7 14 7 14 5 14 8 14 9 14 6
20 40 p3 8 14 5 14 6 14 5 14 6 14 6 14 6
20 41 p5 5 14 7 14 7 14 7 14 6 14 8 14 6 14 6
21 42 p3 5 14 7 14 8 14 6 14 8 14 7 14 8 14 5 14 7 14 9
22 43 p1 9 14 7 14 6 14 9 14 9 14 9 14 7 14 8 14 5 14 7 14 5 14 9
22 44 p2 6 14 7 14 6 14 7 14 6 14 6 14 7
22 45 p3 5 14 6 14 8 14 9 14 6 14 5 14 8
23 46 p5 7 14 7 14 9 14 7 14 8 14 8 14 5 14 5 14 8 14 7 14 8 14 9
23 47 p2 9 14 6 14 8 14 8 14 9 14 7 14 9 14 8 14 5 14 5 14 7
24 48 p5 8 14 5 14 7 14 8 14 5 14 8 14 8 14 8 14 8
24 49 p3 7 14 7 14 5 14 9 14 9 14 8 14 8
