0 0 p3 10 24 12 32 9 33 12 29 10 32 14 23 12 31 14 29 12 30 11 30 11 29 10
0 1 p4 12 27 12 23 14 31 14 24 13 33 9 30 10 24 12 23 14 27 14
0 2 p1 11 32 14 30 12 25 13 27 12 29 13 32 10 28 9 28 13 32 13
1 3 p4 9 28 10 29 12 28 9 28 11 31 10 26 9 25 12 27 13 30 9 31 10 30 13 22 12
1 4 p3 11 25 10 31 9 29 12 33 10 22 14 23 10 23 12 28 14 28 12 29 9 28 9
2 5 p2 14 30 9 32 10 30 13 28 14 29 14 26 9 27 10 27 13 31 9
2 6 p5 12 31 11 24 12 26 12 26 10 30 14 31 14 26 12 25 10
3 7 p5 13 33 11 30 9 30 10 23 14 32 10 22 14 25 13 33 9 32 9 24 10
3 8 p3 9 25 9 32 14 27 10 24 11 30 13 24 13 26 9
3 9 p5 9 23 9 31 11 30 9 22 12 24 12 22 9 30 11 31 9 27 12 26 11
4 10 p4 12 24 11 28 14 22 13 30 11 27 13 31 11 27 11 31 13 27 11 31 13 31 11
4 11 p4 14 29 13 24 11 24 11 27 10 23 14 28 14 26 9
5 12 p2 10 28 11 29 13 31 14 26 11 33 12 31 14 30 13 29 9 32 10 25 14
5 13 p1 11 23 14 31 12 24 12 26 12 23 11 27 10 28 12 25 13 26 13 30 10
5 14 p1 9 31 12 22 11 30 14 24 9 29 14 29 11
6 15 p1 12 31 12 22 13 27 14 23 12 32 9 28 12
7 16 p5 13 24 13 32 10 25 12 24 10 23 14 33 12 25 10 27 14 22 11 27 12 31 14
8 17 p4 10 29 12 25 11 22 11 31 14 23 9 32 14 29 12 24 14
9 18 p2 13 26 13 22 9 31 11 24 10 27 11 29 9 30 12 24 11 24 10 24 11 29 13
10 19 p1 14 31 12 27 9 25 11 30 14 29 12 24 14 31 12 27 9 31 9 31 14 33 11 26 9
10 20 p3 10 27 12 27 13 25 12 22 13 26 10 32 9 30 11 32 11 24 11
10 21 p2 10 29 12 31 10 30 11 26 13 30 10 22 12 26 11 32 9 28 10 28 13 22 11
11 22 p1 13 28 11 33 11 22 11 29 9 22 10 33 12 24 11 27 11
11 23 p1 10 32 14 25 10 23 10 24 10 33 12 31 11 23 13
12 24 p3 10 31 14 26 12 30 9 33 13 29 11 28 13 30 13 23 14
12 25 p2 14 31 10 23 13 33 9 28 13 29 11 30 14 32 14 31 12 32 9 33 9 26 11 30 13
13 26 p4 13 31 14 31 11 28 9 32 14 32 14 27 10
13 27 p3 11 31 13 30 9 24 10 32 10 33 12 26 10
14 28 p2 14 28 10 24 12 25 9 27 12 25 9 31 13
14 29 p2 11 24 11 31 9 30 13 25 9 27 12 26 9 23 10 25 9 22 10
14 30 p5 10 22 9 26 11 27 9 29 11 31 13 22 13 29 12 32 14 23 13 28 9
15 31 p3 14 24 12 33 9 26 9 29 10 23 12 22 12 27 10 30 12 33 13 25 11 27 11 29 9
15 32 p5 12 30 11 33 12 33 13 28 14 31 11 27 14 23 9 26 13 30 14 27 13 29 9
15 33 p2 14 32 13 26 10 31 12 27 10 30 14 31 13 25 9 22 12 28 10
16 34 p3 13 31 13 24 10 31 13 25 14 30 10 24 11 22 10 25 13 25 11 26 12 22 12 25 12
16 35 p1 10 27 10 29 9 27 13 29 13 32 11 25 9
16 36 p5 12 28 13 22 13 23 10 31 9 25 12 24 11 23 12 28 11 32 14
17 37 p1 11 33 9 22 13 22 11 32 10 29 14 28 11 31 10 22 10 25 12 28 12 27 9 25 10
17 38 p5 9 27 13 23 12 33 13 31 11 27 10 32 13 27 14 33 9 26 13
17 39 p2 10 28 11 27 11 23 14 30 12 32 10 26 13 25 9 24 11 22 13 28 10 26 11 22 13
18 40 p4 14 22 14 28 12 22 10 22 9 23 11 30 9 25 10
18 41 p3 10 27 14 30 11 32 11 28 12 31 14 23 9
19 42 p1 14 33 13 23 12 23 10 33 14 26 13 27 14 24 13 32 9 33 13 26 13 26 14 25 13
19 43 p2 9 27 11 23 12 28 10 33 13 28 9 23 10 26 9 25 10 26 10
20 44 p2 13 32 12 32 10 25 14 33 11 22 14 27 10
20 45 p1 10 25 9 30 9 25 10 23 13 27 14 31 14 33 10 30 9
20 46 p4 11 32 11 29 14 27 13 22 10 29 14 25 9 22 10 33 12
21 47 p1 14 32 14 28 9 24 11 26 11 32 10 33 10 28 9
21 48 p4 12 24 12 33 9 22 10 32 9 30 11 31 14 24 13 22 14 23 12 30 11 25 11
22 49 p4 9 24 14 22 11 26 10 33 12 29 14 26 14 26 12 25 12 27 10 28 9 28 9
