0 0 p3 35 5 26 5 32 5 33 5 24 5 19
0 1 p2 29 5 22 5 32 5 26 5 20 5 25
1 2 p1 21 5 18 5 21 5 27 5 24
1 3 p2 30 5 19 5 24 5 20 5 18 5 21
2 4 p1 28 5 26 5 34 5 25 5 33
2 5 p3 33 5 25 5 29 5 19 5 30 5 25 5 21
3 6 p5 20 5 20 5 26 5 34 5 18
3 7 p2 20 5 26 5 32 5 32 5 19
3 8 p5 26 5 21 5 28 5 17 5 25 5 24
4 9 p2 27 5 23 5 26 5 35 5 33 5 35
4 10 p5 20 5 32 5 18 5 24 5 19
5 11 p4 25 5 34 5 30 5 35 5 34 5 33
5 12 p1 20 5 33 5 28 5 19 5 19 5 18 5 25
5 13 p2 30 5 26 5 17 5 26 5 26 5 31 5 19
6 14 p4 21 5 23 5 23 5 27 5 19
6 15 p3 33 5 23 5 21 5 17 5 22 5 30 5 22
7 16 p1 31 5 23 5 24 5 30 5 21
8 17 p2 21 5 26 5 31 5 18 5 35 5 29
8 18 p2 27 5 25 5 33 5 23 5 18 5 33 5 35
8 19 p4 19 5 30 5 18 5 17 5 35
