0 0 p4 10 17 11 15 13 15 10 17 14 16 10 15 12 17 14 15 15 17 12 15 12
0 1 p1 12 16 10 15 10 15 12 16 13 16 14 17 14 15 15 15 14 15 10 16 12 16 11
1 2 p5 15 16 10 17 13 17 15 15 13 16 14 17 11 15 13 17 11 16 11 15 10
1 3 p1 15 16 11 17 10 17 15 15 10 15 15 15 12
2 4 p3 13 16 10 17 15 17 10 16 14 15 10 15 15 16 13 17 15
2 5 p2 13 17 10 16 11 16 15 17 15 15 15 15 11 17 10 17 14 15 12
3 6 p1 11 17 11 17 14 15 11 15 11 17 13 17 10
4 7 p2 10 15 10 15 10 15 11 17 12 15 10 15 14 16 10
4 8 p3 13 17 12 15 14 15 11 16 13 15 13 17 11 16 11
4 9 p3 11 15 15 17 14 16 10 17 11 16 12 15 15 16 14 16 15
5 10 p3 15 16 11 16 14 15 13 15 14 16 11 15 15 17 15
6 11 p3 11 16 11 15 10 16 13 17 15 16 13 17 13
6 12 p5 10 15 12 15 11 15 10 16 12 17 11 15 15 16 13 16 14 17 15
6 13 p4 11 15 12 16 15 17 15 15 15 16 14 16 11 16 10 17 11 15 10 16 12 17 10
7 14 p4 12 16 10 17 12 17 11 15 14 16 15 17 14 15 15 17 10 16 13 15 15 16 15 15 15
7 15 p3 12 15 12 17 14 15 14 15 15 16 11 16 15 16 15
8 16 p2 12 17 10 17 11 16 13 16 12 17 10 15 14
8 17 p1 15 16 11 17 12 17 11 16 15 15 10 16 14 17 12 15 10 16 12 17 12 15 15 16 10
8 18 p4 14 17 10 17 11 17 14 15 12 17 10 16 12
9 19 p3 11 15 11 16 10 15 13 15 12 15 10 16 13 15 15 15 11
