0 0 p4 15 29 16 34 13 26 17 24 12 22 13 26 15 27 15 30 15
1 1 p3 12 31 15 33 13 27 17 29 14 30 15 32 13 26 12 29 14
2 2 p1 13 33 13 27 17 26 17 34 13 32 17
2 3 p4 14 24 16 31 16 24 13 30 16 31 12 34 15 26 12 32 12 31 14 34 14
2 4 p3 13 28 14 26 17 25 14 30 16 33 13 29 16 27 12 26 14 34 12 30 14
3 5 p4 14 33 14 28 16 22 14 29 17 33 17
3 6 p4 16 24 17 25 12 22 14 25 17 31 14 22 16 30 15 33 14 23 13
3 7 p5 17 27 15 28 12 26 15 27 17 30 13 22 17 26 16 33 17 23 15 29 17 25 15
4 8 p2 15 34 17 31 16 24 13 26 16 32 13 26 14 28 12 34 16 30 13 31 14
5 9 p1 13 34 12 32 14 24 15 22 15 34 14 34 13 27 13 25 15 30 15 30 16
5 10 p2 12 31 15 28 14 25 17 31 16 22 13 26 15 34 17
6 11 p3 14 33 14 30 12 29 17 26 14 27 15 22 12
6 12 p4 17 30 17 22 12 31 13 33 17 23 13 22 16 28 15 24 16 33 17
6 13 p3 13 26 15 27 14 22 12 33 12 31 17 22 17 31 14 32 14 25 13 34 13 34 12
7 14 p1 12 34 16 28 14 31 13 24 14 27 12 26 13 28 17 31 12 34 12
8 15 p1 15 26 12 28 12 24 13 24 17 27 15
9 16 p3 17 27 16 31 12 31 13 31 17 32 13 29 15 34 15 31 15 27 15 34 15
9 17 p3 15 22 15 32 16 28 13 32 17 31 14 25 13
10 18 p1 13 25 16 25 14 26 14 22 13 32 15
10 19 p3 12 23 13 33 15 23 13 33 17 25 17 27 17 34 12
